0.29911615557026283
0.4729142705907632
0.12348054954215121
1.8942927949950168
0.8508908329911116
0.7753433660009555
,
0.5161319375125485
0.6173039778293883
0.3992902942647138
1.73342858823407
0.827640633102335
0.11283459046406774
,
0.24127429640498466
0.2714608339535328
0.38316724735590957
1.509705974892908
0.42564860765251733
0.06733709728302306
,
0.2730397730389789
0.8634973002482089
0.29002554555747306
1.9114357857719462
0.4396295640997303
0.04165897087345061
,
0.12121568207677247
0.25145299668488946
0.6859939843396679
2.458784574556947
0.851043097860911
0.9340000215628691
,
0.5701976191193524
0.4585317806591114
0.6861393685585692
1.474671996523415
0.03750260611989098
0.10591545066917363
,
0.11629993611925785
0.868415235765858
0.4574220828535284
2.036307953946089
0.20938762128249655
0.6900948980626006
,
0.4361600119185381
0.2942136721732954
0.4238714749780359
2.3083102326797746
0.8283421625236997
0.9688345220471147
,
0.4807636949800926
0.5571260965431378
0.577169730864842
2.2090920572092787
0.9861624738537843
0.033667366847877855
,
0.31905266928415654
0.7591299130862762
0.30809726776972507
1.703902374640146
0.6428689871057073
0.5145321910452093
,
0.608470365106106
0.42391705244733724
0.6864069796518807
1.9005938077203606
0.42018532270872455
0.31283080676956265
,
0.7551693163072356
0.6860878849090001
0.8190981134587594
1.9247408487047695
0.1737510018474956
0.0033487423517379877
,
0.8227983960641009
0.6213779497946911
0.44956955173417185
2.2636888713506185
0.5985870404848677
0.6987714773205407
,
0.9230418398533017
-0.058572526819038746
0.4579955848766305
1.8828325503922219
0.6039047247411787
0.5577703387164362
,
0.6682542175168753
0.3817866489435948
0.4867688087430437
1.8943164464770574
0.493461819368488
0.9205832798156356
,
0.5742490659977862
0.45634303942227145
0.6834853751797916
2.337835632585933
0.1463654327445707
0.9787803753204758
,
0.19805714915503989
0.6402294927584421
0.7953975681992106
1.593897192063856
0.3724117296046725
0.42945529140311633
,
0.21416848739301936
0.447087939157233
0.1705168802874289
2.3460129438087822
0.5495282633309845
0.27627762000485234
,
0.07819412063884494
0.07354827018599243
-0.009668643390237291
1.9270952593655848
0.0943083157847191
0.6653992926456682
,
0.23522516006842778
0.5789384743662583
0.18300337515594833
2.1053223630063598
0.4975398547851678
0.7747361978972632
,
0.5886093880478083
0.3575303281504856
0.10476142977009865
2.1365880222509923
0.7244441959836196
0.49911863205176865
,
0.43968281691947214
0.34334755001689876
0.7759471020489028
1.6399142155385662
0.05534541310545116
0.22657228311592115
,
0.6163243785155459
0.7174535485998049
0.6691823704108466
2.038475548324783
0.6698503693998056
0.914783859588196
,
-3.839285784439469E-4
0.45420629464824835
0.383592228997707
1.3464500487487825
0.871374010670043
0.03072110964428898
,
0.44960397462242774
0.6624842192965769
0.1863540085029834
1.7407464663526975
0.1459054430888913
0.5863943923435022
,
*
0.9294204232609877
0.6256153826783212
0.35715699641181986
0.12902713067963736
0.7750664734584596
0.41802115491623787
0.4101888122794894
0.9737183577599733
0.7567468552979214
0.19706415857836498
0.24851260951398862
0.18906900753987255
0.04233960970351331
0.8071375231555531
0.9174157367294865
0.28403730701176844
0.5289014044619419
0.2868296742731347
0.5253947794090267
0.1830771830362734
0.8985013249045577
0.8690768482581629
0.1445223064706987
1.0023802432856972
0.7640045998059947
0.19432906928490545
,
0.6834114705109482
0.24528571054841258
0.5114839714889363
0.3813534725949777
0.16820596111521394
0.19559614409726286
0.1351357828446861
0.18021992770858256
0.19474052015738919
0.9215808013596312
0.6127364767056045
0.1804088868058048
0.3472367745953493
0.9315713728850834
0.2678257420152885
0.526225979536926
0.9648883699664061
0.3865429747562212
0.719843089285352
0.11647986702073373
0.5948760512638983
0.5877222905950482
0.854321108849728
0.46862077577922423
0.38318678807705114
0.20975652212546414
,
1.003423886477802
0.5983151804737223
0.21548197053989002
0.7585391472385955
0.64188693042183
0.25422887889014356
0.0625825597077794
0.3908353970755875
0.4342574818852319
0.8099606425343692
0.6904234346855339
0.5593698881032633
0.20467912877004374
0.5713165844209994
0.7456048503197391
0.5044085085258535
0.1895787978460939
0.44972802665694017
0.8358337131736567
0.7157639928358072
0.5939248453296361
0.5933900200134573
1.008549702261381
0.7705201465492288
0.5876854596129724
0.6483143117871837
,
0.24234113026062926
0.7006726272126321
0.14311020451656983
0.15817784259002135
0.6336478717733591
0.11180647667387285
0.9589071787421657
0.598020089608979
0.9452172967207317
0.8142251076216355
0.1257966966830101
0.6914863721387494
0.8712479713043302
0.262318666624185
0.24232326304800425
0.5468100573561614
0.616395795129549
0.8686969199159097
1.0010975811201976
0.07774757181628886
0.9992528564998944
0.9785117964039594
0.252767565916607
0.7851717366851203
0.8599945192447134
0.9481359047704581
,
0.4694517205677932
0.5520564456881626
0.7690086439250303
0.6871757527781759
0.8003870380869913
0.4996327964525214
0.3318966765825578
0.5870955148122651
0.5996350808958513
0.3209171174542747
0.7477677543873131
0.9924966105833785
0.19728599679297926
0.37030799879517695
0.7852750709340185
0.8347178541129991
0.6309632235112274
0.38681370446878277
0.6052570705433098
0.05656862095000747
0.870993784337807
0.7754945701690398
0.29909890404049183
0.6446226936257848
0.34481770884554014
0.8585718774116
,
0.8794891874226088
0.7406533563346219
0.9864555756230527
0.7505926091168836
0.18439005023028956
0.27696314681525885
0.03855137625163168
0.9044604066925168
0.7952563944207282
0.026905418202730614
0.39916731319738674
0.936038609442932
0.415259683043804
0.402518556422769
0.5161572222905083
0.6267752804500718
0.05176100036599763
1.008180770448504
0.29948626177049864
0.34107243587594727
0.6169642530543711
0.5843437451322868
0.6652403708816915
0.11086274511916575
0.7860149209488126
0.5403935078834168
,
0.39575487863571085
0.623134250895931
0.825179370343422
0.09675104167223984
0.42755933008844615
0.1474415439664256
0.05756345006786194
0.5268704288617952
0.5221776394842254
0.2151109708599722
0.6516135248012269
0.12881319921579382
0.3226685479866911
0.13059550896351418
0.5814179082051398
0.9259461244959639
0.900404700367665
0.40054792056382044
0.52849261558913
1.0117078048625658
0.8694000011563003
0.619454981692271
0.591236721837285
0.5472545563872662
0.5739550031049601
0.24379192118597093
,
0.19205286792899862
0.9821990912128383
0.43188348777242935
0.33584415375127513
0.9525211593896091
0.9480778685895885
0.6735339403342234
0.15701489104050162
0.6034825524942699
0.6269774667077224
0.437726739835396
0.45758185586162403
0.9978575433971374
0.7446232548306633
0.5526301699445582
1.0078608885900178
0.8487652566026356
0.9204717269993016
0.9533868930502639
0.6592568200694564
0.7414438670580579
0.6387465587826157
0.987931223233801
0.6456722651020753
0.8490583585188323
0.5756007867243906
,
0.08937055072693603
0.22527305131600023
0.31210056259423824
0.7448993784066859
0.8768240140206252
0.9701561280826148
0.8521611067437733
0.3019135724567376
0.7462028281036565
0.19238578244235358
0.864886134557357
0.8894878229005452
0.2165121587134346
0.669861378649511
0.0569573717935039
0.6873601040765647
0.555118618963943
0.24684293857094294
0.268849763767252
0.14696307585841806
0.3344881258598611
0.7434854858566708
0.8778722389081847
0.3941498277538319
0.15760902153077339
0.908098809608464
,
0.3560574635334432
0.7499403927733833
0.5220595611915194
0.20128765816625951
0.5941091011935854
0.605057635199833
0.10687784798651491
0.4060489078514338
0.5553330099592836
0.14306595734900548
0.6435512621929218
0.4312961964504105
0.48069867239091457
0.6600485857903066
0.055593077436587916
0.7805286290836966
0.07716584604846839
0.7182476038270912
0.3312138359292478
0.3071306524503157
0.7035982069506626
0.808740130423392
0.04947251109622436
0.7060321314702271
0.10641988100606088
0.5757150991797576
,
0.8634767999064706
0.9872352503903902
0.4430403339611926
0.28847831197677626
0.9839702007263375
0.7905115623596055
0.5983975586704783
0.5303596708833639
0.8624863205149117
0.9877429896950566
0.13025251795650386
0.02521630137141504
0.6335951300505646
0.10062791129996916
0.6551441005297421
0.7045951537256534
0.2898806241722278
0.8790861910773982
0.7200788816232851
0.8465153949121824
0.8486003036503903
0.6514721773042572
0.6140314214506517
0.023197014419683408
0.5099362137275464
0.7633198140781211
,
0.4096416444733158
0.9689649389851244
0.6957419935465868
0.8830332442043657
0.21838787284626185
0.17147967564089725
0.3281399653492258
0.5641064205910813
0.25148243256745856
0.15474101077170996
0.7407296954869304
0.23310099539571716
0.5922059346947263
0.5816832771625046
0.29457169935678895
0.28310591126598394
0.4526365698449115
0.699919193498205
0.7073989332232491
0.5084245636065742
0.9261652518782784
0.9980883916926175
0.716636470736666
0.35072570589779206
0.4412737825739717
0.22400797639523018
,
0.23624380814671614
0.628922622286691
0.9641713173254444
0.45563555957109875
0.06341336084755549
0.445092200132095
0.9214596480197635
0.10515164738427447
0.5032499377298175
0.9521648106002526
0.8005302655002957
0.5942375561605923
0.7961522370089485
0.1566143763229371
0.5179231416800042
0.5272456945549224
0.8029805515327721
0.1532403988816706
0.5352915429243302
0.823104906895355
0.8446563532095037
0.8611582286386027
0.7678691721324
0.07942051513311835
0.49004926662911025
0.4419803158789979
,
0.8228960692869123
0.7223808497090966
0.13125081222807874
0.44910877064743565
0.4546028114245718
0.09425424284953572
0.8120342023030245
0.774481399282679
0.38756953514611087
0.701805813783588
0.9649574728516395
0.6450076370065357
0.6299968674451542
0.9145854309146111
0.5482181336491414
0.8376760429965332
0.921914723496483
0.70402645697558
0.1659081294116221
0.24458672809359983
0.8580407618516108
0.2644445123976717
0.5236940955909335
0.5599029439252159
0.07533552862305988
0.5470160472791431
,
0.26763325030046187
0.4689941652891811
0.39367022813887964
0.18388051660049579
0.3061032057842572
0.14633975266808905
0.3778475416422635
0.37505499859887786
0.183166548250422
0.2684324256173654
0.431999189325146
0.07487131475043543
0.7445357428284918
0.6416684482135484
0.32616026091935846
0.8095143403411101
0.06391852552393977
0.1753240194076869
0.6004848536457436
0.9976376138158992
0.1953342042513543
0.007992292307531287
0.014069952379833307
0.364898457828288
0.37045220480879565
0.1139712215966926
,
0.35416395659862326
0.22965713844696395
0.4614972637363709
0.9902807610613863
0.9269298546065889
0.9415072159535812
0.3132157969398848
0.4486588094353599
0.9723999462170894
0.7320987440196586
0.8933062860238644
0.12903094412229396
0.8722293174198599
0.2095888607958464
0.20261709634836902
0.673942579591526
0.19859458347655637
0.9362920414460271
0.13520551331356778
0.8719654150738713
0.20351982447698194
0.6855020864135916
0.402979002715568
0.12507976651628686
0.8544970205476902
0.06969860571411668
,
0.49157342030993295
0.6095631853638908
0.6768875653499911
0.5846641496019371
0.8226427454456227
0.3324620044141376
0.8996650344436402
0.11583432535382283
0.9223256168625712
0.09164334410840735
0.7000937992110086
0.6234730842828655
0.22475016216653904
0.6474214759598449
0.7879634165099257
0.6243851079543836
0.022302294202494882
0.4501168983101879
0.7719139013675297
0.5345242063924427
0.828443310553666
0.7524293437167807
0.12813882775772328
0.561972414711759
0.6285734572320405
0.8598734302797107
,
0.396813410283483
0.9324176044493887
0.852180990457941
0.9529629232893053
0.8932374144652053
0.6399290810122953
0.8387169044694164
0.7447511245567794
0.7984004863946558
0.7998760775247494
0.07179310647570239
0.2357297327671537
0.7758971620354513
0.5589562086878312
0.6044531523650857
0.5573333862193603
0.09810850980736792
0.6317891180383216
0.5033044336858848
0.6700687369164464
0.47175261168594396
0.5961801150700841
0.22017774741032065
0.13552807000284336
0.9157416281357422
0.08164937083640844
,
0.8081653302612962
0.6023253257711303
0.8551519202142891
0.24438580625810272
0.2636560842021698
0.8847894428918214
0.4874383064169398
0.8298305613655672
0.05682937543818532
0.7254195424297929
0.4323070299957218
0.7006152218474672
0.8984137514659185
0.038354627875687095
0.7779374790842065
0.5149495718666594
0.8296313479396646
0.8737232254701607
0.494408587375201
0.5934503991432821
0.6325591672741033
0.2335123749881058
0.21918680957627773
0.5437690212207688
0.9240986252607634
0.20021244621306045
,
0.8808431242898324
0.21127820920119783
0.8107391551902409
0.926181410287033
0.9450595028819436
0.8410005539964145
0.07675063945332052
0.26784409302081963
0.3009523931302209
0.12625624748775544
0.536847827092804
0.25348637998639884
0.7442112038361812
0.6038799987247605
0.488771526763385
0.7088996028606679
0.5057885241873687
0.8765952698320046
0.7625204415759177
0.5461514865397799
0.13831517384964745
0.11203318867828602
0.10009509020131123
0.0802519061234939
0.891497669791671
0.17662490500951666
,
0.7640500070136328
0.565508566808273
0.17487520663811204
0.9274088548247033
0.7941684467681833
0.7884158433325644
0.25488733795761925
0.9990912214025233
0.26866626690770506
0.17233887566075387
0.9447373797956434
0.9064669443754626
0.06792642952892611
0.9617534456684936
0.80306189816735
0.9959293500647498
0.8341307228961088
0.9026646893160236
0.8718322673357555
0.038942529715001784
0.8867142675921792
0.13285243393273943
0.6741659157459152
0.6979669852428073
0.37578074788982146
0.7324566038822672
,
0.3102847722712129
1.000481917213606
0.6258583929255707
0.8783548755441656
0.46400155337332194
0.1799193422954005
0.8740773076300409
0.1882056215593008
0.02233211185336857
0.9388703915668549
0.4215066654963183
0.6509238398290929
0.6055517085232515
0.8805466454928268
0.6770415341885333
0.082103220312614
0.45350280711669855
0.7814673458236764
0.2907688381302055
0.6301686271044113
0.6336470962733148
0.2534927769217473
0.9671191233431782
0.12478487882542569
0.01169026656971149
0.15831517267875383
,
0.8687955088754447
0.2923249212175741
0.5489766803122456
0.20858175134997495
0.1997394211527306
0.9144981814931613
0.6956753044409406
0.9103706453480376
0.6487351556508143
0.030909398975148206
0.9165625806522312
0.3907601488153567
0.6731002287027111
0.8050659137732364
0.7999825995164923
0.2741020369211651
0.9535226869001083
0.928464569905224
0.3712310105277452
0.9360058355003941
0.5739172655552863
0.1406634580487422
0.5781106485768689
0.8079076520943096
0.15863281590314626
0.5863602005091725
,
0.6902165077221003
0.21649939054342865
0.025836816491436782
0.6296865373939443
0.9839013058286654
0.37171660640666454
0.8238526298864303
0.79459994049344
0.6313398755962503
0.7197780190180423
0.08813361485692697
0.7173980434341981
0.963080787600246
0.4746425249947952
0.773458673824644
0.945376646676468
0.07821295554884129
0.9744871815653363
0.689724711261857
0.40917360179054574
0.9522102642019105
0.29120927078915443
0.3193374184193896
0.06833183353585617
0.32410330107056723
0.24219685455892492
,
0.971137264359092
0.8691430461991799
0.424245175417565
0.9309248920334466
0.059315994343360004
0.6113801386047676
0.4650136619088307
0.5697307635539066
0.5453701185637159
0.7514467852575212
0.740825055650061
0.6333923548867743
0.035234596112988535
0.09446975133413447
0.25386097331670626
0.9182520940960811
0.531602544694359
0.989223105325283
0.6088245885988003
0.1532770657078364
0.22049861881722602
0.7492972978786959
0.9227944062573785
0.059561117238868005
0.5058833934440556
0.573292556982485
,
*
__
1.0541829692355822
0.5833094195121308
0.6329942763985271
0.6884064837291994
0.8442786421272915
0.3100013739884111
0.7733602830473865
0.8956998796967435
0.9577838001685502
0.7121386058559962
0.7933391050149551
0.1927943826985094
0.37479540477691503
0.24658238316832376
0.8656300765911369
1.1447381165936446
0.32660163465988384
0.21032859839461557
0.20811944819282308
0.4946598824687967
1.0679929769684047
0.2750183978430464
1.1486699936694877
0.9992566246374515
0.8974998390355013
0.22483085854924767
